4,4.25,4.5,4.75,5,5.25,5.5,5.75,6,6.25,6.5,6.75,7,7.25,7.5,7.75,8,8.25,8.5,8.75,9,9.25,9.5,9.75,10,10.25,10.5,10.75,11,11.25,11.5,11.75,12,12.25,12.5,12.75,13,13.25,13.5,13.75,14,14.25,14.5,14.75,15
0,0.15,0.3,0.44999999999999996,0.6,0.75,0.9,1.05,1.2,1.3499999999999999,1.4999999999999998,1.6499999999999997,1.7999999999999996,1.9499999999999995,2.0999999999999996,2.2499999999999996,2.3999999999999995,2.5499999999999994,2.6999999999999993,2.849999999999999,2.999999999999999
sort_size, sort_shift, DC_size, sort_shiftride_number
8,0,4,0,562
8,0,4,0.15,780
8,0,4,0.3,961
8,0,4,0.44999999999999996,965
8,0,4,0.6,979
8,0,4,0.75,834
8,0,4,0.9,1424
8,0,4,1.05,928
8,0,4,1.2,983
8,0,4,1.3499999999999999,802
8,0,4,1.4999999999999998,1112
8,0,4,1.6499999999999997,857
8,0,4,1.7999999999999996,917
8,0,4,1.9499999999999995,738
8,0,4,2.0999999999999996,1037
8,0,4,2.2499999999999996,957
8,0,4,2.3999999999999995,908
8,0,4,2.5499999999999994,1151
8,0,4,2.6999999999999993,570
8,0,4,2.849999999999999,749
8,0,4,2.999999999999999,926
8.5,0,4.25,0,612
8.5,0,4.25,0.15,811
8.5,0,4.25,0.3,929
8.5,0,4.25,0.44999999999999996,985
8.5,0,4.25,0.6,1074
8.5,0,4.25,0.75,1037
8.5,0,4.25,0.9,1388
8.5,0,4.25,1.05,1062
8.5,0,4.25,1.2,1068
8.5,0,4.25,1.3499999999999999,1081
8.5,0,4.25,1.4999999999999998,1017
8.5,0,4.25,1.6499999999999997,880
8.5,0,4.25,1.7999999999999996,1005
8.5,0,4.25,1.9499999999999995,1040
8.5,0,4.25,2.0999999999999996,1305
8.5,0,4.25,2.2499999999999996,1034
8.5,0,4.25,2.3999999999999995,1011
8.5,0,4.25,2.5499999999999994,1002
8.5,0,4.25,2.6999999999999993,1196
8.5,0,4.25,2.849999999999999,1196
8.5,0,4.25,2.999999999999999,821
9,0,4.5,0,654
9,0,4.5,0.15,872
9,0,4.5,0.3,1010
9,0,4.5,0.44999999999999996,968
9,0,4.5,0.6,1284
9,0,4.5,0.75,1095
9,0,4.5,0.9,1460
9,0,4.5,1.05,1642
9,0,4.5,1.2,1168
9,0,4.5,1.3499999999999999,1159
9,0,4.5,1.4999999999999998,1104
9,0,4.5,1.6499999999999997,1248
9,0,4.5,1.7999999999999996,982
9,0,4.5,1.9499999999999995,1289
9,0,4.5,2.0999999999999996,1084
9,0,4.5,2.2499999999999996,1376
9,0,4.5,2.3999999999999995,1111
9,0,4.5,2.5499999999999994,1088
9,0,4.5,2.6999999999999993,1103
9,0,4.5,2.849999999999999,1562
9,0,4.5,2.999999999999999,1246
9.5,0,4.75,0,750
9.5,0,4.75,0.15,862
9.5,0,4.75,0.3,1011
9.5,0,4.75,0.44999999999999996,1178
9.5,0,4.75,0.6,1281
9.5,0,4.75,0.75,1200
9.5,0,4.75,0.9,1139
9.5,0,4.75,1.05,1482
9.5,0,4.75,1.2,1138
9.5,0,4.75,1.3499999999999999,1245
9.5,0,4.75,1.4999999999999998,1168
9.5,0,4.75,1.6499999999999997,1265
9.5,0,4.75,1.7999999999999996,1329
9.5,0,4.75,1.9499999999999995,1097
9.5,0,4.75,2.0999999999999996,1139
9.5,0,4.75,2.2499999999999996,1117
9.5,0,4.75,2.3999999999999995,1300
9.5,0,4.75,2.5499999999999994,1146
9.5,0,4.75,2.6999999999999993,1114
9.5,0,4.75,2.849999999999999,1124
9.5,0,4.75,2.999999999999999,1519
10,0,5,0,692
10,0,5,0.15,854
10,0,5,0.3,1102
10,0,5,0.44999999999999996,1186
10,0,5,0.6,1321
10,0,5,0.75,1214
10,0,5,0.9,1132
10,0,5,1.05,1528
10,0,5,1.2,1658
10,0,5,1.3499999999999999,1250
10,0,5,1.4999999999999998,1193
10,0,5,1.6499999999999997,1163
10,0,5,1.7999999999999996,1237
10,0,5,1.9499999999999995,1007
10,0,5,2.0999999999999996,1165
10,0,5,2.2499999999999996,1212
10,0,5,2.3999999999999995,1469
10,0,5,2.5499999999999994,1348
10,0,5,2.6999999999999993,1219
10,0,5,2.849999999999999,1140
10,0,5,2.999999999999999,1099
10.5,0,5.25,0,831
10.5,0,5.25,0.15,903
10.5,0,5.25,0.3,1100
10.5,0,5.25,0.44999999999999996,1168
10.5,0,5.25,0.6,1249
10.5,0,5.25,0.75,1257
10.5,0,5.25,0.9,1269
10.5,0,5.25,1.05,1596
10.5,0,5.25,1.2,1585
10.5,0,5.25,1.3499999999999999,1248
10.5,0,5.25,1.4999999999999998,1288
10.5,0,5.25,1.6499999999999997,1260
10.5,0,5.25,1.7999999999999996,1361
10.5,0,5.25,1.9499999999999995,1320
10.5,0,5.25,2.0999999999999996,1150
10.5,0,5.25,2.2499999999999996,1150
10.5,0,5.25,2.3999999999999995,1248
10.5,0,5.25,2.5499999999999994,1455
10.5,0,5.25,2.6999999999999993,1386
10.5,0,5.25,2.849999999999999,1265
10.5,0,5.25,2.999999999999999,1162
11,0,5.5,0,964
11,0,5.5,0.15,954
11,0,5.5,0.3,1416
11,0,5.5,0.44999999999999996,1494
11,0,5.5,0.6,1554
11,0,5.5,0.75,1567
11,0,5.5,0.9,1556
11,0,5.5,1.05,1909
11,0,5.5,1.2,2068
11,0,5.5,1.3499999999999999,2129
11,0,5.5,1.4999999999999998,1619
11,0,5.5,1.6499999999999997,1525
11,0,5.5,1.7999999999999996,1371
11,0,5.5,1.9499999999999995,1541
11,0,5.5,2.0999999999999996,1674
11,0,5.5,2.2499999999999996,1556
11,0,5.5,2.3999999999999995,1519
11,0,5.5,2.5499999999999994,1455
11,0,5.5,2.6999999999999993,1756
11,0,5.5,2.849999999999999,1808
11,0,5.5,2.999999999999999,1454
11.5,0,5.75,0,959
11.5,0,5.75,0.15,1078
11.5,0,5.75,0.3,1537
11.5,0,5.75,0.44999999999999996,1575
11.5,0,5.75,0.6,1772
11.5,0,5.75,0.75,1756
11.5,0,5.75,0.9,1594
11.5,0,5.75,1.05,2194
11.5,0,5.75,1.2,2025
11.5,0,5.75,1.3499999999999999,2189
11.5,0,5.75,1.4999999999999998,1671
11.5,0,5.75,1.6499999999999997,1594
11.5,0,5.75,1.7999999999999996,1737
11.5,0,5.75,1.9499999999999995,1565
11.5,0,5.75,2.0999999999999996,1537
11.5,0,5.75,2.2499999999999996,1788
11.5,0,5.75,2.3999999999999995,1652
11.5,0,5.75,2.5499999999999994,1657
11.5,0,5.75,2.6999999999999993,1596
11.5,0,5.75,2.849999999999999,1898
11.5,0,5.75,2.999999999999999,1864
12,0,6,0,903
12,0,6,0.15,977
12,0,6,0.3,1561
12,0,6,0.44999999999999996,1597
12,0,6,0.6,1827
12,0,6,0.75,1843
12,0,6,0.9,1754
12,0,6,1.05,1703
12,0,6,1.2,2057
12,0,6,1.3499999999999999,2219
12,0,6,1.4999999999999998,2417
12,0,6,1.6499999999999997,1790
12,0,6,1.7999999999999996,1754
12,0,6,1.9499999999999995,1706
12,0,6,2.0999999999999996,1635
12,0,6,2.2499999999999996,1666
12,0,6,2.3999999999999995,1561
12,0,6,2.5499999999999994,1604
12,0,6,2.6999999999999993,1700
12,0,6,2.849999999999999,1964
12,0,6,2.999999999999999,1992
12.5,0,6.25,0,875
12.5,0,6.25,0.15,1116
12.5,0,6.25,0.3,1519
12.5,0,6.25,0.44999999999999996,1675
12.5,0,6.25,0.6,1802
12.5,0,6.25,0.75,1915
12.5,0,6.25,0.9,2091
12.5,0,6.25,1.05,1762
12.5,0,6.25,1.2,2212
12.5,0,6.25,1.3499999999999999,2374
12.5,0,6.25,1.4999999999999998,2343
12.5,0,6.25,1.6499999999999997,1841
12.5,0,6.25,1.7999999999999996,1704
12.5,0,6.25,1.9499999999999995,1791
12.5,0,6.25,2.0999999999999996,1744
12.5,0,6.25,2.2499999999999996,1790
12.5,0,6.25,2.3999999999999995,1754
12.5,0,6.25,2.5499999999999994,1727
12.5,0,6.25,2.6999999999999993,1631
12.5,0,6.25,2.849999999999999,1752
12.5,0,6.25,2.999999999999999,2015
13,0,6.5,0,1103
13,0,6.5,0.15,1155
13,0,6.5,0.3,1611
13,0,6.5,0.44999999999999996,1703
13,0,6.5,0.6,1833
13,0,6.5,0.75,1913
13,0,6.5,0.9,1826
13,0,6.5,1.05,1875
13,0,6.5,1.2,2248
13,0,6.5,1.3499999999999999,2416
13,0,6.5,1.4999999999999998,2122
13,0,6.5,1.6499999999999997,2435
13,0,6.5,1.7999999999999996,1899
13,0,6.5,1.9499999999999995,1766
13,0,6.5,2.0999999999999996,1769
13,0,6.5,2.2499999999999996,1693
13,0,6.5,2.3999999999999995,1869
13,0,6.5,2.5499999999999994,1810
13,0,6.5,2.6999999999999993,1713
13,0,6.5,2.849999999999999,1730
13,0,6.5,2.999999999999999,1756
13.5,0,6.75,0,1014
13.5,0,6.75,0.15,1087
13.5,0,6.75,0.3,1639
13.5,0,6.75,0.44999999999999996,1719
13.5,0,6.75,0.6,1785
13.5,0,6.75,0.75,2057
13.5,0,6.75,0.9,1985
13.5,0,6.75,1.05,1914
13.5,0,6.75,1.2,2244
13.5,0,6.75,1.3499999999999999,2125
13.5,0,6.75,1.4999999999999998,2338
13.5,0,6.75,1.6499999999999997,2369
13.5,0,6.75,1.7999999999999996,2038
13.5,0,6.75,1.9499999999999995,1854
13.5,0,6.75,2.0999999999999996,1937
13.5,0,6.75,2.2499999999999996,1791
13.5,0,6.75,2.3999999999999995,1790
13.5,0,6.75,2.5499999999999994,1708
13.5,0,6.75,2.6999999999999993,1899
13.5,0,6.75,2.849999999999999,1683
13.5,0,6.75,2.999999999999999,1772
14,0,7,0,1018
14,0,7,0.15,1152
14,0,7,0.3,1596
14,0,7,0.44999999999999996,1734
14,0,7,0.6,1849
14,0,7,0.75,2002
14,0,7,0.9,2042
14,0,7,1.05,1906
14,0,7,1.2,1924
14,0,7,1.3499999999999999,2197
14,0,7,1.4999999999999998,2334
14,0,7,1.6499999999999997,2348
14,0,7,1.7999999999999996,2538
14,0,7,1.9499999999999995,2008
14,0,7,2.0999999999999996,1934
14,0,7,2.2499999999999996,1873
14,0,7,2.3999999999999995,1856
14,0,7,2.5499999999999994,1844
14,0,7,2.6999999999999993,1752
14,0,7,2.849999999999999,1820
14,0,7,2.999999999999999,1687
14.5,0,7.25,0,1223
14.5,0,7.25,0.15,1078
14.5,0,7.25,0.3,1554
14.5,0,7.25,0.44999999999999996,1799
14.5,0,7.25,0.6,1864
14.5,0,7.25,0.75,1986
14.5,0,7.25,0.9,2063
14.5,0,7.25,1.05,1867
14.5,0,7.25,1.2,1984
14.5,0,7.25,1.3499999999999999,2210
14.5,0,7.25,1.4999999999999998,2323
14.5,0,7.25,1.6499999999999997,2399
14.5,0,7.25,1.7999999999999996,2308
14.5,0,7.25,1.9499999999999995,2107
14.5,0,7.25,2.0999999999999996,1875
14.5,0,7.25,2.2499999999999996,1936
14.5,0,7.25,2.3999999999999995,1833
14.5,0,7.25,2.5499999999999994,1832
14.5,0,7.25,2.6999999999999993,1907
14.5,0,7.25,2.849999999999999,1859
14.5,0,7.25,2.999999999999999,1809
15,0,7.5,0,1221
15,0,7.5,0.15,1100
15,0,7.5,0.3,1595
15,0,7.5,0.44999999999999996,1802
15,0,7.5,0.6,1840
15,0,7.5,0.75,1984
15,0,7.5,0.9,2142
15,0,7.5,1.05,1955
15,0,7.5,1.2,1968
15,0,7.5,1.3499999999999999,2211
15,0,7.5,1.4999999999999998,2317
15,0,7.5,1.6499999999999997,2252
15,0,7.5,1.7999999999999996,2287
15,0,7.5,1.9499999999999995,2036
15,0,7.5,2.0999999999999996,1915
15,0,7.5,2.2499999999999996,1963
15,0,7.5,2.3999999999999995,1957
15,0,7.5,2.5499999999999994,1855
15,0,7.5,2.6999999999999993,1844
15,0,7.5,2.849999999999999,1733
15,0,7.5,2.999999999999999,1952
15.5,0,7.75,0,1116
15.5,0,7.75,0.15,1050
15.5,0,7.75,0.3,1673
15.5,0,7.75,0.44999999999999996,1783
15.5,0,7.75,0.6,1837
15.5,0,7.75,0.75,1960
15.5,0,7.75,0.9,2094
15.5,0,7.75,1.05,2006
15.5,0,7.75,1.2,1963
15.5,0,7.75,1.3499999999999999,2225
15.5,0,7.75,1.4999999999999998,2109
15.5,0,7.75,1.6499999999999997,2286
15.5,0,7.75,1.7999999999999996,2407
15.5,0,7.75,1.9499999999999995,2431
15.5,0,7.75,2.0999999999999996,2071
15.5,0,7.75,2.2499999999999996,1890
15.5,0,7.75,2.3999999999999995,1967
15.5,0,7.75,2.5499999999999994,1942
15.5,0,7.75,2.6999999999999993,1884
15.5,0,7.75,2.849999999999999,1868
15.5,0,7.75,2.999999999999999,1778
16,0,8,0,1133
16,0,8,0.15,1129
16,0,8,0.3,1591
16,0,8,0.44999999999999996,1717
16,0,8,0.6,1897
16,0,8,0.75,2041
16,0,8,0.9,2171
16,0,8,1.05,2109
16,0,8,1.2,2025
16,0,8,1.3499999999999999,2083
16,0,8,1.4999999999999998,2237
16,0,8,1.6499999999999997,2296
16,0,8,1.7999999999999996,2417
16,0,8,1.9499999999999995,2405
16,0,8,2.0999999999999996,2217
16,0,8,2.2499999999999996,2083
16,0,8,2.3999999999999995,2012
16,0,8,2.5499999999999994,1975
16,0,8,2.6999999999999993,1938
16,0,8,2.849999999999999,1966
16,0,8,2.999999999999999,1894
16.5,0,8.25,0,1073
16.5,0,8.25,0.15,1237
16.5,0,8.25,0.3,1685
16.5,0,8.25,0.44999999999999996,1980
16.5,0,8.25,0.6,2046
16.5,0,8.25,0.75,2252
16.5,0,8.25,0.9,2444
16.5,0,8.25,1.05,2355
16.5,0,8.25,1.2,2142
16.5,0,8.25,1.3499999999999999,2329
16.5,0,8.25,1.4999999999999998,2383
16.5,0,8.25,1.6499999999999997,2586
16.5,0,8.25,1.7999999999999996,2728
16.5,0,8.25,1.9499999999999995,2871
16.5,0,8.25,2.0999999999999996,2825
16.5,0,8.25,2.2499999999999996,2213
16.5,0,8.25,2.3999999999999995,2164
16.5,0,8.25,2.5499999999999994,2273
16.5,0,8.25,2.6999999999999993,2020
16.5,0,8.25,2.849999999999999,1948
16.5,0,8.25,2.999999999999999,1938
17,0,8.5,0,1202
17,0,8.5,0.15,1258
17,0,8.5,0.3,1728
17,0,8.5,0.44999999999999996,1938
17,0,8.5,0.6,2113
17,0,8.5,0.75,2243
17,0,8.5,0.9,2341
17,0,8.5,1.05,2454
17,0,8.5,1.2,2235
17,0,8.5,1.3499999999999999,2294
17,0,8.5,1.4999999999999998,2473
17,0,8.5,1.6499999999999997,2602
17,0,8.5,1.7999999999999996,2427
17,0,8.5,1.9499999999999995,2722
17,0,8.5,2.0999999999999996,2705
17,0,8.5,2.2499999999999996,2292
17,0,8.5,2.3999999999999995,2188
17,0,8.5,2.5499999999999994,2171
17,0,8.5,2.6999999999999993,2162
17,0,8.5,2.849999999999999,2017
17,0,8.5,2.999999999999999,2077
17.5,0,8.75,0,1199
17.5,0,8.75,0.15,1251
17.5,0,8.75,0.3,1719
17.5,0,8.75,0.44999999999999996,1899
17.5,0,8.75,0.6,2042
17.5,0,8.75,0.75,2202
17.5,0,8.75,0.9,2354
17.5,0,8.75,1.05,2423
17.5,0,8.75,1.2,2239
17.5,0,8.75,1.3499999999999999,2250
17.5,0,8.75,1.4999999999999998,2438
17.5,0,8.75,1.6499999999999997,2296
17.5,0,8.75,1.7999999999999996,2467
17.5,0,8.75,1.9499999999999995,2637
17.5,0,8.75,2.0999999999999996,2866
17.5,0,8.75,2.2499999999999996,2855
17.5,0,8.75,2.3999999999999995,2255
17.5,0,8.75,2.5499999999999994,2127
17.5,0,8.75,2.6999999999999993,2262
17.5,0,8.75,2.849999999999999,2087
17.5,0,8.75,2.999999999999999,2082
18,0,9,0,1163
18,0,9,0.15,1245
18,0,9,0.3,1745
18,0,9,0.44999999999999996,1978
18,0,9,0.6,1970
18,0,9,0.75,2193
18,0,9,0.9,2343
18,0,9,1.05,2604
18,0,9,1.2,2344
18,0,9,1.3499999999999999,2256
18,0,9,1.4999999999999998,2381
18,0,9,1.6499999999999997,2354
18,0,9,1.7999999999999996,2552
18,0,9,1.9499999999999995,2709
18,0,9,2.0999999999999996,2856
18,0,9,2.2499999999999996,2861
18,0,9,2.3999999999999995,2371
18,0,9,2.5499999999999994,2254
18,0,9,2.6999999999999993,2314
18,0,9,2.849999999999999,2199
18,0,9,2.999999999999999,1985
18.5,0,9.25,0,1163
18.5,0,9.25,0.15,1209
18.5,0,9.25,0.3,1632
18.5,0,9.25,0.44999999999999996,1973
18.5,0,9.25,0.6,2068
18.5,0,9.25,0.75,2214
18.5,0,9.25,0.9,2419
18.5,0,9.25,1.05,2569
18.5,0,9.25,1.2,2400
18.5,0,9.25,1.3499999999999999,2195
18.5,0,9.25,1.4999999999999998,2322
18.5,0,9.25,1.6499999999999997,2431
18.5,0,9.25,1.7999999999999996,2536
18.5,0,9.25,1.9499999999999995,2659
18.5,0,9.25,2.0999999999999996,2771
18.5,0,9.25,2.2499999999999996,2849
18.5,0,9.25,2.3999999999999995,2907
18.5,0,9.25,2.5499999999999994,2326
18.5,0,9.25,2.6999999999999993,2154
18.5,0,9.25,2.849999999999999,2302
18.5,0,9.25,2.999999999999999,2175
19,0,9.5,0,1216
19,0,9.5,0.15,1258
19,0,9.5,0.3,1672
19,0,9.5,0.44999999999999996,1868
19,0,9.5,0.6,2118
19,0,9.5,0.75,2219
19,0,9.5,0.9,2327
19,0,9.5,1.05,2509
19,0,9.5,1.2,2507
19,0,9.5,1.3499999999999999,2273
19,0,9.5,1.4999999999999998,2302
19,0,9.5,1.6499999999999997,2464
19,0,9.5,1.7999999999999996,2620
19,0,9.5,1.9499999999999995,2695
19,0,9.5,2.0999999999999996,2605
19,0,9.5,2.2499999999999996,2799
19,0,9.5,2.3999999999999995,2824
19,0,9.5,2.5499999999999994,2424
19,0,9.5,2.6999999999999993,2255
19,0,9.5,2.849999999999999,2265
19,0,9.5,2.999999999999999,2227
19.5,0,9.75,0,1334
19.5,0,9.75,0.15,1361
19.5,0,9.75,0.3,1796
19.5,0,9.75,0.44999999999999996,1974
19.5,0,9.75,0.6,2127
19.5,0,9.75,0.75,2213
19.5,0,9.75,0.9,2359
19.5,0,9.75,1.05,2464
19.5,0,9.75,1.2,2488
19.5,0,9.75,1.3499999999999999,2324
19.5,0,9.75,1.4999999999999998,2310
19.5,0,9.75,1.6499999999999997,2487
19.5,0,9.75,1.7999999999999996,2363
19.5,0,9.75,1.9499999999999995,2470
19.5,0,9.75,2.0999999999999996,2646
19.5,0,9.75,2.2499999999999996,2754
19.5,0,9.75,2.3999999999999995,2872
19.5,0,9.75,2.5499999999999994,2904
19.5,0,9.75,2.6999999999999993,2356
19.5,0,9.75,2.849999999999999,2226
19.5,0,9.75,2.999999999999999,2359
20,0,10,0,1396
20,0,10,0.15,1290
20,0,10,0.3,1811
20,0,10,0.44999999999999996,1916
20,0,10,0.6,2065
20,0,10,0.75,2189
20,0,10,0.9,2324
20,0,10,1.05,2464
20,0,10,1.2,2598
20,0,10,1.3499999999999999,2395
20,0,10,1.4999999999999998,2300
20,0,10,1.6499999999999997,2388
20,0,10,1.7999999999999996,2363
20,0,10,1.9499999999999995,2513
20,0,10,2.0999999999999996,2609
20,0,10,2.2499999999999996,2766
20,0,10,2.3999999999999995,2910
20,0,10,2.5499999999999994,2860
20,0,10,2.6999999999999993,2451
20,0,10,2.849999999999999,2187
20,0,10,2.999999999999999,2275
20.5,0,10.25,0,1270
20.5,0,10.25,0.15,1248
20.5,0,10.25,0.3,1721
20.5,0,10.25,0.44999999999999996,1901
20.5,0,10.25,0.6,2103
20.5,0,10.25,0.75,2182
20.5,0,10.25,0.9,2300
20.5,0,10.25,1.05,2465
20.5,0,10.25,1.2,2535
20.5,0,10.25,1.3499999999999999,2381
20.5,0,10.25,1.4999999999999998,2281
20.5,0,10.25,1.6499999999999997,2387
20.5,0,10.25,1.7999999999999996,2425
20.5,0,10.25,1.9499999999999995,2529
20.5,0,10.25,2.0999999999999996,2657
20.5,0,10.25,2.2499999999999996,2739
20.5,0,10.25,2.3999999999999995,2666
20.5,0,10.25,2.5499999999999994,2852
20.5,0,10.25,2.6999999999999993,2851
20.5,0,10.25,2.849999999999999,2348
20.5,0,10.25,2.999999999999999,2237
21,0,10.5,0,1269
21,0,10.5,0.15,1234
21,0,10.5,0.3,1627
21,0,10.5,0.44999999999999996,1917
21,0,10.5,0.6,2091
21,0,10.5,0.75,2178
21,0,10.5,0.9,2303
21,0,10.5,1.05,2412
21,0,10.5,1.2,2510
21,0,10.5,1.3499999999999999,2462
21,0,10.5,1.4999999999999998,2275
21,0,10.5,1.6499999999999997,2309
21,0,10.5,1.7999999999999996,2424
21,0,10.5,1.9499999999999995,2550
21,0,10.5,2.0999999999999996,2627
21,0,10.5,2.2499999999999996,2601
21,0,10.5,2.3999999999999995,2803
21,0,10.5,2.5499999999999994,2883
21,0,10.5,2.6999999999999993,2874
21,0,10.5,2.849999999999999,2411
21,0,10.5,2.999999999999999,2238
21.5,0,10.75,0,1478
21.5,0,10.75,0.15,1388
21.5,0,10.75,0.3,1744
21.5,0,10.75,0.44999999999999996,1975
21.5,0,10.75,0.6,2215
21.5,0,10.75,0.75,2278
21.5,0,10.75,0.9,2452
21.5,0,10.75,1.05,2572
21.5,0,10.75,1.2,2692
21.5,0,10.75,1.3499999999999999,2677
21.5,0,10.75,1.4999999999999998,2498
21.5,0,10.75,1.6499999999999997,2472
21.5,0,10.75,1.7999999999999996,2678
21.5,0,10.75,1.9499999999999995,2768
21.5,0,10.75,2.0999999999999996,2618
21.5,0,10.75,2.2499999999999996,2737
21.5,0,10.75,2.3999999999999995,2921
21.5,0,10.75,2.5499999999999994,3062
21.5,0,10.75,2.6999999999999993,3220
21.5,0,10.75,2.849999999999999,3131
21.5,0,10.75,2.999999999999999,2524
22,0,11,0,1415
22,0,11,0.15,1418
22,0,11,0.3,1794
22,0,11,0.44999999999999996,1997
22,0,11,0.6,2202
22,0,11,0.75,2295
22,0,11,0.9,2424
22,0,11,1.05,2536
22,0,11,1.2,2656
22,0,11,1.3499999999999999,2831
22,0,11,1.4999999999999998,2565
22,0,11,1.6499999999999997,2435
22,0,11,1.7999999999999996,2531
22,0,11,1.9499999999999995,2494
22,0,11,2.0999999999999996,2682
22,0,11,2.2499999999999996,2796
22,0,11,2.3999999999999995,2963
22,0,11,2.5499999999999994,3056
22,0,11,2.6999999999999993,3049
22,0,11,2.849999999999999,3084
22,0,11,2.999999999999999,2628
22.5,0,11.25,0,1353
22.5,0,11.25,0.15,1331
22.5,0,11.25,0.3,1816
22.5,0,11.25,0.44999999999999996,2097
22.5,0,11.25,0.6,2233
22.5,0,11.25,0.75,2232
22.5,0,11.25,0.9,2347
22.5,0,11.25,1.05,2542
22.5,0,11.25,1.2,2744
22.5,0,11.25,1.3499999999999999,2824
22.5,0,11.25,1.4999999999999998,2623
22.5,0,11.25,1.6499999999999997,2487
22.5,0,11.25,1.7999999999999996,2539
22.5,0,11.25,1.9499999999999995,2636
22.5,0,11.25,2.0999999999999996,2625
22.5,0,11.25,2.2499999999999996,2834
22.5,0,11.25,2.3999999999999995,2932
22.5,0,11.25,2.5499999999999994,2863
22.5,0,11.25,2.6999999999999993,2990
22.5,0,11.25,2.849999999999999,3012
22.5,0,11.25,2.999999999999999,3138
23,0,11.5,0,1503
23,0,11.5,0.15,1281
23,0,11.5,0.3,1800
23,0,11.5,0.44999999999999996,2032
23,0,11.5,0.6,2153
23,0,11.5,0.75,2272
23,0,11.5,0.9,2428
23,0,11.5,1.05,2589
23,0,11.5,1.2,2739
23,0,11.5,1.3499999999999999,2829
23,0,11.5,1.4999999999999998,2617
23,0,11.5,1.6499999999999997,2506
23,0,11.5,1.7999999999999996,2624
23,0,11.5,1.9499999999999995,2603
23,0,11.5,2.0999999999999996,2755
23,0,11.5,2.2499999999999996,2774
23,0,11.5,2.3999999999999995,2693
23,0,11.5,2.5499999999999994,2905
23,0,11.5,2.6999999999999993,3088
23,0,11.5,2.849999999999999,3109
23,0,11.5,2.999999999999999,3084
23.5,0,11.75,0,1228
23.5,0,11.75,0.15,1319
23.5,0,11.75,0.3,1860
23.5,0,11.75,0.44999999999999996,2065
23.5,0,11.75,0.6,2129
23.5,0,11.75,0.75,2313
23.5,0,11.75,0.9,2423
23.5,0,11.75,1.05,2525
23.5,0,11.75,1.2,2696
23.5,0,11.75,1.3499999999999999,2781
23.5,0,11.75,1.4999999999999998,2728
23.5,0,11.75,1.6499999999999997,2513
23.5,0,11.75,1.7999999999999996,2492
23.5,0,11.75,1.9499999999999995,2615
23.5,0,11.75,2.0999999999999996,2754
23.5,0,11.75,2.2499999999999996,2641
23.5,0,11.75,2.3999999999999995,2678
23.5,0,11.75,2.5499999999999994,2894
23.5,0,11.75,2.6999999999999993,3038
23.5,0,11.75,2.849999999999999,3159
23.5,0,11.75,2.999999999999999,3115
24,0,12,0,1335
24,0,12,0.15,1396
24,0,12,0.3,1798
24,0,12,0.44999999999999996,1979
24,0,12,0.6,2281
24,0,12,0.75,2230
24,0,12,0.9,2437
24,0,12,1.05,2482
24,0,12,1.2,2623
24,0,12,1.3499999999999999,2784
24,0,12,1.4999999999999998,2870
24,0,12,1.6499999999999997,2557
24,0,12,1.7999999999999996,2537
24,0,12,1.9499999999999995,2758
24,0,12,2.0999999999999996,2611
24,0,12,2.2499999999999996,2632
24,0,12,2.3999999999999995,2693
24,0,12,2.5499999999999994,2867
24,0,12,2.6999999999999993,2988
24,0,12,2.849999999999999,3087
24,0,12,2.999999999999999,3184
24.5,0,12.25,0,1482
24.5,0,12.25,0.15,1426
24.5,0,12.25,0.3,1782
24.5,0,12.25,0.44999999999999996,2110
24.5,0,12.25,0.6,2174
24.5,0,12.25,0.75,2269
24.5,0,12.25,0.9,2359
24.5,0,12.25,1.05,2480
24.5,0,12.25,1.2,2620
24.5,0,12.25,1.3499999999999999,2827
24.5,0,12.25,1.4999999999999998,2880
24.5,0,12.25,1.6499999999999997,2676
24.5,0,12.25,1.7999999999999996,2484
24.5,0,12.25,1.9499999999999995,2595
24.5,0,12.25,2.0999999999999996,2664
24.5,0,12.25,2.2499999999999996,2700
24.5,0,12.25,2.3999999999999995,2747
24.5,0,12.25,2.5499999999999994,2847
24.5,0,12.25,2.6999999999999993,2844
24.5,0,12.25,2.849999999999999,2984
24.5,0,12.25,2.999999999999999,3052
25,0,12.5,0,1504
25,0,12.5,0.15,1254
25,0,12.5,0.3,1681
25,0,12.5,0.44999999999999996,2014
25,0,12.5,0.6,2218
25,0,12.5,0.75,2244
25,0,12.5,0.9,2376
25,0,12.5,1.05,2493
25,0,12.5,1.2,2636
25,0,12.5,1.3499999999999999,2723
25,0,12.5,1.4999999999999998,2865
25,0,12.5,1.6499999999999997,2712
25,0,12.5,1.7999999999999996,2504
25,0,12.5,1.9499999999999995,2552
25,0,12.5,2.0999999999999996,2646
25,0,12.5,2.2499999999999996,2708
25,0,12.5,2.3999999999999995,2713
25,0,12.5,2.5499999999999994,2639
25,0,12.5,2.6999999999999993,2760
25,0,12.5,2.849999999999999,2967
25,0,12.5,2.999999999999999,3161
25.5,0,12.75,0,1520
25.5,0,12.75,0.15,1432
25.5,0,12.75,0.3,1720
25.5,0,12.75,0.44999999999999996,2037
25.5,0,12.75,0.6,2198
25.5,0,12.75,0.75,2225
25.5,0,12.75,0.9,2362
25.5,0,12.75,1.05,2533
25.5,0,12.75,1.2,2580
25.5,0,12.75,1.3499999999999999,2732
25.5,0,12.75,1.4999999999999998,2819
25.5,0,12.75,1.6499999999999997,2660
25.5,0,12.75,1.7999999999999996,2564
25.5,0,12.75,1.9499999999999995,2656
25.5,0,12.75,2.0999999999999996,2708
25.5,0,12.75,2.2499999999999996,2715
25.5,0,12.75,2.3999999999999995,2580
25.5,0,12.75,2.5499999999999994,2683
25.5,0,12.75,2.6999999999999993,2804
25.5,0,12.75,2.849999999999999,2976
25.5,0,12.75,2.999999999999999,3041
26,0,13,0,1574
26,0,13,0.15,1295
26,0,13,0.3,1855
26,0,13,0.44999999999999996,2079
26,0,13,0.6,2235
26,0,13,0.75,2304
26,0,13,0.9,2430
26,0,13,1.05,2523
26,0,13,1.2,2657
26,0,13,1.3499999999999999,2858
26,0,13,1.4999999999999998,2876
26,0,13,1.6499999999999997,2880
26,0,13,1.7999999999999996,2706
26,0,13,1.9499999999999995,2566
26,0,13,2.0999999999999996,2717
26,0,13,2.2499999999999996,2705
26,0,13,2.3999999999999995,2656
26,0,13,2.5499999999999994,2739
26,0,13,2.6999999999999993,2863
26,0,13,2.849999999999999,3031
26,0,13,2.999999999999999,3103
26.5,0,13.25,0,1529
26.5,0,13.25,0.15,1456
26.5,0,13.25,0.3,1669
26.5,0,13.25,0.44999999999999996,2010
26.5,0,13.25,0.6,2232
26.5,0,13.25,0.75,2284
26.5,0,13.25,0.9,2408
26.5,0,13.25,1.05,2593
26.5,0,13.25,1.2,2625
26.5,0,13.25,1.3499999999999999,2894
26.5,0,13.25,1.4999999999999998,2942
26.5,0,13.25,1.6499999999999997,3062
26.5,0,13.25,1.7999999999999996,2735
26.5,0,13.25,1.9499999999999995,2628
26.5,0,13.25,2.0999999999999996,2658
26.5,0,13.25,2.2499999999999996,2790
26.5,0,13.25,2.3999999999999995,2756
26.5,0,13.25,2.5499999999999994,2808
26.5,0,13.25,2.6999999999999993,2904
26.5,0,13.25,2.849999999999999,3036
26.5,0,13.25,2.999999999999999,3012
27,0,13.5,0,1269
27,0,13.5,0.15,1591
27,0,13.5,0.3,1855
27,0,13.5,0.44999999999999996,2121
27,0,13.5,0.6,2246
27,0,13.5,0.75,2361
27,0,13.5,0.9,2444
27,0,13.5,1.05,2512
27,0,13.5,1.2,2646
27,0,13.5,1.3499999999999999,2826
27,0,13.5,1.4999999999999998,2980
27,0,13.5,1.6499999999999997,2895
27,0,13.5,1.7999999999999996,2801
27,0,13.5,1.9499999999999995,2663
27,0,13.5,2.0999999999999996,2838
27,0,13.5,2.2499999999999996,2820
27,0,13.5,2.3999999999999995,2835
27,0,13.5,2.5499999999999994,2855
27,0,13.5,2.6999999999999993,2734
27,0,13.5,2.849999999999999,2845
27,0,13.5,2.999999999999999,2999
27.5,0,13.75,0,1264
27.5,0,13.75,0.15,1386
27.5,0,13.75,0.3,1853
27.5,0,13.75,0.44999999999999996,1892
27.5,0,13.75,0.6,2133
27.5,0,13.75,0.75,2305
27.5,0,13.75,0.9,2386
27.5,0,13.75,1.05,2483
27.5,0,13.75,1.2,2660
27.5,0,13.75,1.3499999999999999,2803
27.5,0,13.75,1.4999999999999998,2901
27.5,0,13.75,1.6499999999999997,2996
27.5,0,13.75,1.7999999999999996,2865
27.5,0,13.75,1.9499999999999995,2752
27.5,0,13.75,2.0999999999999996,2618
27.5,0,13.75,2.2499999999999996,2810
27.5,0,13.75,2.3999999999999995,2828
27.5,0,13.75,2.5499999999999994,2704
27.5,0,13.75,2.6999999999999993,2765
27.5,0,13.75,2.849999999999999,2847
27.5,0,13.75,2.999999999999999,2994
28,0,14,0,1659
28,0,14,0.15,1342
28,0,14,0.3,1759
28,0,14,0.44999999999999996,2090
28,0,14,0.6,2233
28,0,14,0.75,2275
28,0,14,0.9,2346
28,0,14,1.05,2473
28,0,14,1.2,2692
28,0,14,1.3499999999999999,2794
28,0,14,1.4999999999999998,2973
28,0,14,1.6499999999999997,2961
28,0,14,1.7999999999999996,2850
28,0,14,1.9499999999999995,2764
28,0,14,2.0999999999999996,2668
28,0,14,2.2499999999999996,2853
28,0,14,2.3999999999999995,2730
28,0,14,2.5499999999999994,2679
28,0,14,2.6999999999999993,2802
28,0,14,2.849999999999999,2878
28,0,14,2.999999999999999,2975
28.5,0,14.25,0,1478
28.5,0,14.25,0.15,1528
28.5,0,14.25,0.3,1743
28.5,0,14.25,0.44999999999999996,2025
28.5,0,14.25,0.6,2257
28.5,0,14.25,0.75,2303
28.5,0,14.25,0.9,2439
28.5,0,14.25,1.05,2550
28.5,0,14.25,1.2,2642
28.5,0,14.25,1.3499999999999999,2792
28.5,0,14.25,1.4999999999999998,2927
28.5,0,14.25,1.6499999999999997,3045
28.5,0,14.25,1.7999999999999996,2921
28.5,0,14.25,1.9499999999999995,2697
28.5,0,14.25,2.0999999999999996,2728
28.5,0,14.25,2.2499999999999996,2775
28.5,0,14.25,2.3999999999999995,2849
28.5,0,14.25,2.5499999999999994,2811
28.5,0,14.25,2.6999999999999993,2828
28.5,0,14.25,2.849999999999999,2882
28.5,0,14.25,2.999999999999999,2933
29,0,14.5,0,1587
29,0,14.5,0.15,1462
29,0,14.5,0.3,1928
29,0,14.5,0.44999999999999996,2113
29,0,14.5,0.6,2261
29,0,14.5,0.75,2313
29,0,14.5,0.9,2381
29,0,14.5,1.05,2544
29,0,14.5,1.2,2630
29,0,14.5,1.3499999999999999,2758
29,0,14.5,1.4999999999999998,2916
29,0,14.5,1.6499999999999997,3020
29,0,14.5,1.7999999999999996,2882
29,0,14.5,1.9499999999999995,2722
29,0,14.5,2.0999999999999996,2740
29,0,14.5,2.2499999999999996,2829
29,0,14.5,2.3999999999999995,2842
29,0,14.5,2.5499999999999994,2769
29,0,14.5,2.6999999999999993,2866
29,0,14.5,2.849999999999999,2906
29,0,14.5,2.999999999999999,2777
29.5,0,14.75,0,1578
29.5,0,14.75,0.15,1483
29.5,0,14.75,0.3,1666
29.5,0,14.75,0.44999999999999996,2131
29.5,0,14.75,0.6,2254
29.5,0,14.75,0.75,2255
29.5,0,14.75,0.9,2390
29.5,0,14.75,1.05,2506
29.5,0,14.75,1.2,2597
29.5,0,14.75,1.3499999999999999,2771
29.5,0,14.75,1.4999999999999998,2907
29.5,0,14.75,1.6499999999999997,2998
29.5,0,14.75,1.7999999999999996,2994
29.5,0,14.75,1.9499999999999995,2785
29.5,0,14.75,2.0999999999999996,2671
29.5,0,14.75,2.2499999999999996,2685
29.5,0,14.75,2.3999999999999995,2859
29.5,0,14.75,2.5499999999999994,2869
29.5,0,14.75,2.6999999999999993,2685
29.5,0,14.75,2.849999999999999,2759
29.5,0,14.75,2.999999999999999,2846
30,0,15,0,1625
30,0,15,0.15,1489
30,0,15,0.3,1903
30,0,15,0.44999999999999996,2123
30,0,15,0.6,2249
30,0,15,0.75,2381
30,0,15,0.9,2365
30,0,15,1.05,2500
30,0,15,1.2,2618
30,0,15,1.3499999999999999,2786
30,0,15,1.4999999999999998,2829
30,0,15,1.6499999999999997,3028
30,0,15,1.7999999999999996,3034
30,0,15,1.9499999999999995,2760
30,0,15,2.0999999999999996,2620
30,0,15,2.2499999999999996,2685
30,0,15,2.3999999999999995,2828
30,0,15,2.5499999999999994,2825
30,0,15,2.6999999999999993,2768
30,0,15,2.849999999999999,2791
30,0,15,2.999999999999999,2884
